5139350
5139352
5139353
5139356
5139358
5139362
5139366
5139367
5139368
5139396
5139403
5144139
5144225
5144613
5144623
5144625
5144778
5144790
5144793
5144795
5145692
5145715
5145717
5145730
5145732
5145763
5146020
5146024
5146028
5146041
5146044
5146048
5146078
5146086
5146097
5146437
5146442
5146461
5146468
5146469
5151303
5151307
5151321
5152218
5152666
5152672
5152674
5153481
5153484
5153488
5158041
5158068
5158089
5158107
5158117
5158125
5158134
5158146
5158163
5158376
5158379
5158381
5158382
5158397
5158399
5158401
5158404
5158406
5158407
5158409
5158412
5158414
5158415
5158417
5158418
5158422
5158436
5158452
5158463
5158465
5158466
5158468
5158469
5158475
5158477
5158478
5158480
5158481
5158482
5158484
5158486
5158487
5158491
5158494
5158496
5158499
5158503
5158507
5158508
5158515
5158581
5158598
5158601
5158602
5158605
5158618
5158621
5158622
5158625
5158626
5158629
5158636
5158639
5158640
5158643
5158644
5158651
5158654
5158661
5158690
5158691
5158693
5158701
5158702
5158703
5158704
5158710
5158718
5158745
5158791
5158853
5158854
5158861
5158862
5158863
5158864
5158865
5158873
5158874
5158875
5158877
5158878
5158879
5158882
5158883
5158888
5158889
5158893
5158936
5158957
